INFO  17:04:38 Using data-center name 'datacenter1' for DCAwareRoundRobinPolicy (if this is incorrect, please provide the correct datacenter name with DCAwareRoundRobinPolicy constructor)
INFO  17:04:38 New Cassandra host /172.31.7.56:9042 added
Connected to cluster: Test Cluster
Datatacenter: datacenter1; Host: /172.31.7.56; Rack: rack1
Created schema. Sleeping 1s for propagation.
Sleeping 2s...
Warming up insert with 50000 iterations...
Failed to connect over JMX; not collecting these stats
Generating batches with [1..1] partitions and [1..1] rows (of [1..1] total rows in the partitions)
Warming up likelyquery0 with 50000 iterations...
Failed to connect over JMX; not collecting these stats
Running [insert, likelyquery0] with 250 threads for 5000000 iteration
Failed to connect over JMX; not collecting these stats
type,      total ops,    op/s,    pk/s,   row/s,    mean,     med,     .95,     .99,    .999,     max,   time,   stderr, errors,  gc: #,  max ms,  sum ms,  sdv ms,      mb
insert,          370,     374,     374,     374,   136.8,   155.9,   277.0,   311.6,   329.3,   329.3,    1.0,  0.00000,      0,      0,       0,       0,       0,       0
likelyquery0,       315,     318,     318,     318,   416.5,   461.6,   670.2,   722.6,   738.1,   738.1,    1.0,  0.00000,      0,      0,       0,       0,       0,       0
total,           685,     692,     692,     692,   265.4,   188.6,   643.4,   700.4,   738.1,   738.1,    1.0,  0.00000,      0,      0,       0,       0,       0,       0
insert,         7818,     103,     103,     103,   300.3,   280.8,   480.1,   610.9,   697.8,   856.7,   73.1,  0.18311,      0,      0,       0,       0,       0,       0
likelyquery0,     22260,     304,     304,     304,   717.8,   671.2,  1080.5,  1329.6,  1514.6,  1695.8,   73.1,  0.18311,      0,      0,       0,       0,       0,       0
total,         30078,     408,     408,     408,   612.0,   606.6,  1033.5,  1294.8,  1502.2,  1695.8,   73.1,  0.18311,      0,      0,       0,       0,       0,       0
insert,        15384,     102,     102,     102,   306.4,   289.4,   476.5,   563.7,   661.8,   725.6,  147.0,  0.15608,      0,      0,       0,       0,       0,       0
likelyquery0,     44458,     300,     300,     300,   728.4,   695.3,  1062.4,  1238.5,  1404.5,  1597.2,  147.0,  0.15608,      0,      0,       0,       0,       0,       0
total,         59842,     403,     403,     403,   621.2,   621.6,  1025.4,  1211.3,  1395.4,  1597.2,  147.0,  0.15608,      0,      0,       0,       0,       0,       0
insert,        26199,     101,     101,     101,   302.9,   290.6,   457.1,   566.8,   666.9,   761.7,  253.9,  0.13064,      0,      0,       0,       0,       0,       0
likelyquery0,     76828,     303,     303,     303,   724.3,   697.5,  1036.3,  1187.5,  1374.7,  1541.5,  253.9,  0.13064,      0,      0,       0,       0,       0,       0
total,        103027,     404,     404,     404,   618.8,   624.9,  1004.0,  1167.1,  1356.7,  1541.5,  253.9,  0.13064,      0,      0,       0,       0,       0,       0
insert,        36254,     101,     101,     101,   304.2,   287.4,   472.4,   616.7,   772.4,   935.3,  353.4,  0.11146,      0,      0,       0,       0,       0,       0
likelyquery0,    106935,     303,     303,     303,   725.3,   681.9,  1101.3,  1339.2,  1577.0,  1803.6,  353.4,  0.11146,      0,      0,       0,       0,       0,       0
total,        143189,     404,     404,     404,   619.9,   619.4,  1049.5,  1298.4,  1559.3,  1803.6,  353.4,  0.11146,      0,      0,       0,       0,       0,       0
insert,        41961,      97,      97,      97,   309.5,   287.6,   501.3,   606.4,   750.5,   776.8,  412.4,  0.09741,      0,      0,       0,       0,       0,       0
likelyquery0,    124786,     302,     302,     302,   728.3,   674.9,  1119.3,  1304.4,  1500.9,  1692.6,  412.4,  0.09741,      0,      0,       0,       0,       0,       0
total,        166747,     399,     399,     399,   626.9,   604.6,  1078.8,  1287.5,  1491.7,  1692.6,  412.4,  0.09741,      0,      0,       0,       0,       0,       0
insert,        51057,     105,     105,     105,   297.9,   284.9,   453.3,   564.4,   681.9,   757.2,  499.4,  0.08537,      0,      0,       0,       0,       0,       0
likelyquery0,    151544,     307,     307,     307,   711.2,   688.0,  1035.6,  1227.2,  1379.4,  1532.6,  499.4,  0.08537,      0,      0,       0,       0,       0,       0
total,        202601,     412,     412,     412,   606.4,   615.6,   992.2,  1200.1,  1360.6,  1532.6,  499.4,  0.08537,      0,      0,       0,       0,       0,       0
insert,        58625,     102,     102,     102,   298.3,   281.7,   474.5,   571.6,   693.8,   726.1,  573.9,  0.07610,      0,      0,       0,       0,       0,       0
likelyquery0,    174456,     308,     308,     308,   712.4,   668.3,  1077.9,  1250.6,  1428.0,  1628.1,  573.9,  0.07610,      0,      0,       0,       0,       0,       0
total,        233081,     409,     409,     409,   609.6,   601.0,  1039.8,  1227.2,  1407.1,  1628.1,  573.9,  0.07610,      0,      0,       0,       0,       0,       0
insert,        65201,     103,     103,     103,   297.9,   275.3,   486.6,   633.0,   920.8,  1121.2,  637.6,  0.06868,      0,      0,       0,       0,       0,       0
likelyquery0,    193862,     305,     305,     305,   722.4,   667.7,  1115.6,  1391.0,  1771.8,  1915.7,  637.6,  0.06868,      0,      0,       0,       0,       0,       0
total,        259063,     408,     408,     408,   615.0,   604.7,  1062.4,  1322.4,  1742.6,  1915.7,  637.6,  0.06868,      0,      0,       0,       0,       0,       0
insert,        74940,     103,     103,     103,   299.2,   284.6,   463.1,   554.6,   658.3,   876.8,  732.1,  0.06254,      0,      0,       0,       0,       0,       0
likelyquery0,    222769,     306,     306,     306,   717.0,   682.5,  1041.8,  1205.5,  1429.8,  1582.7,  732.2,  0.06254,      0,      0,       0,       0,       0,       0
total,        297709,     409,     409,     409,   611.7,   614.5,  1006.8,  1176.6,  1411.5,  1582.7,  732.2,  0.06254,      0,      0,       0,       0,       0,       0
insert,        83322,      95,      95,      95,   305.4,   287.0,   480.3,   582.6,   762.3,   882.1,  819.9,  0.05770,      0,      0,       0,       0,       0,       0
likelyquery0,    249490,     304,     304,     304,   723.4,   672.9,  1088.9,  1292.7,  1580.8,  1758.0,  819.9,  0.05770,      0,      0,       0,       0,       0,       0
total,        332812,     400,     400,     400,   623.6,   609.3,  1053.4,  1257.4,  1543.5,  1758.0,  819.9,  0.05770,      0,      0,       0,       0,       0,       0
insert,        90195,     100,     100,     100,   301.4,   289.8,   454.6,   528.0,   591.0,   650.4,  888.9,  0.05336,      0,      0,       0,       0,       0,       0
likelyquery0,    270635,     307,     307,     307,   717.6,   693.1,  1015.0,  1140.8,  1285.2,  1422.8,  888.9,  0.05336,      0,      0,       0,       0,       0,       0
total,        360830,     406,     406,     406,   615.5,   622.4,   985.4,  1122.4,  1273.0,  1422.8,  888.9,  0.05336,      0,      0,       0,       0,       0,       0
insert,        97670,     104,     104,     104,   301.1,   283.6,   474.1,   597.6,   734.9,   829.6,  960.8,  0.04955,      0,      0,       0,       0,       0,       0
likelyquery0,    292605,     306,     306,     306,   718.0,   674.0,  1078.7,  1278.6,  1521.9,  1709.3,  960.8,  0.04955,      0,      0,       0,       0,       0,       0
total,        390275,     409,     409,     409,   612.1,   604.6,  1033.8,  1243.3,  1518.1,  1709.3,  960.8,  0.04955,      0,      0,       0,       0,       0,       0
insert,       106055,     101,     101,     101,   298.7,   283.5,   458.1,   551.6,   662.4,   783.4, 1043.5,  0.04628,      0,      0,       0,       0,       0,       0
likelyquery0,    317970,     307,     307,     307,   713.0,   683.9,  1016.5,  1198.3,  1361.0,  1471.1, 1043.5,  0.04628,      0,      0,       0,       0,       0,       0
total,        424025,     408,     408,     408,   610.0,   620.9,   976.2,  1167.7,  1353.9,  1471.1, 1043.5,  0.04628,      0,      0,       0,       0,       0,       0
insert,       116926,     101,     101,     101,   300.9,   282.4,   482.0,   602.4,   778.1,   836.3, 1151.5,  0.04344,      0,      0,       0,       0,       0,       0
likelyquery0,    350987,     306,     306,     306,   720.1,   680.1,  1089.8,  1274.6,  1478.4,  1717.5, 1151.5,  0.04344,      0,      0,       0,       0,       0,       0
total,        467913,     406,     406,     406,   616.3,   609.4,  1047.3,  1246.3,  1467.2,  1717.5, 1151.5,  0.04344,      0,      0,       0,       0,       0,       0
insert,       124504,     103,     103,     103,   298.5,   275.7,   502.5,   632.8,   758.9,   825.0, 1225.4,  0.04087,      0,      0,       0,       0,       0,       0
likelyquery0,    373681,     307,     307,     307,   716.0,   656.3,  1127.4,  1358.5,  1563.6,  1689.7, 1225.4,  0.04087,      0,      0,       0,       0,       0,       0
total,        498185,     410,     410,     410,   611.5,   591.7,  1074.2,  1327.8,  1534.6,  1689.7, 1225.4,  0.04087,      0,      0,       0,       0,       0,       0
insert,       135510,     101,     101,     101,   299.5,   288.6,   449.4,   530.5,   629.4,   675.5, 1334.6,  0.03862,      0,      0,       0,       0,       0,       0
likelyquery0,    407271,     307,     307,     307,   714.6,   687.2,  1021.0,  1180.6,  1325.6,  1447.7, 1334.7,  0.03862,      0,      0,       0,       0,       0,       0
total,        542781,     408,     408,     408,   612.1,   621.1,   989.2,  1154.5,  1310.4,  1447.7, 1334.7,  0.03862,      0,      0,       0,       0,       0,       0
insert,       142094,     101,     101,     101,   297.1,   280.8,   457.5,   568.1,   688.0,   734.9, 1400.0,  0.03656,      0,      0,       0,       0,       0,       0
likelyquery0,    427572,     311,     311,     311,   708.5,   671.9,  1043.5,  1218.7,  1388.3,  1604.5, 1400.0,  0.03656,      0,      0,       0,       0,       0,       0
total,        569666,     412,     412,     412,   607.7,   606.9,  1006.0,  1197.9,  1378.3,  1604.5, 1400.0,  0.03656,      0,      0,       0,       0,       0,       0
insert,       150427,     102,     102,     102,   297.1,   283.0,   449.5,   567.6,   743.5,   805.8, 1481.8,  0.03469,      0,      0,       0,       0,       0,       0
likelyquery0,    453091,     312,     312,     312,   705.3,   672.3,  1034.2,  1229.3,  1450.8,  1640.3, 1481.8,  0.03469,      0,      0,       0,       0,       0,       0
total,        603518,     414,     414,     414,   604.8,   607.0,   994.8,  1193.4,  1430.9,  1640.3, 1481.8,  0.03469,      0,      0,       0,       0,       0,       0
insert,       157853,      99,      99,      99,   294.0,   273.5,   474.2,   625.3,   860.5,   986.6, 1557.0,  0.03303,      0,      0,       0,       0,       0,       0
likelyquery0,    476491,     311,     311,     311,   707.9,   656.3,  1102.3,  1333.1,  1675.5,  1893.6, 1557.0,  0.03303,      0,      0,       0,       0,       0,       0
total,        634344,     410,     410,     410,   608.2,   591.4,  1051.6,  1300.4,  1668.2,  1893.6, 1557.0,  0.03303,      0,      0,       0,       0,       0,       0
insert,       165191,     102,     102,     102,   294.9,   283.4,   447.1,   563.5,   722.1,   762.7, 1628.8,  0.03150,      0,      0,       0,       0,       0,       0
likelyquery0,    498898,     312,     312,     312,   705.2,   676.3,  1033.9,  1214.1,  1378.1,  1624.6, 1628.8,  0.03150,      0,      0,       0,       0,       0,       0
total,        664089,     414,     414,     414,   604.0,   610.5,   988.2,  1188.1,  1367.4,  1624.6, 1628.8,  0.03150,      0,      0,       0,       0,       0,       0
insert,       173625,     100,     100,     100,   299.3,   279.8,   473.3,   602.0,   862.1,   987.5, 1712.9,  0.03016,      0,      0,       0,       0,       0,       0
likelyquery0,    524596,     306,     306,     306,   721.0,   682.5,  1081.3,  1342.9,  1811.3,  1958.8, 1712.9,  0.03016,      0,      0,       0,       0,       0,       0
total,        698221,     406,     406,     406,   616.8,   611.6,  1034.4,  1280.0,  1749.2,  1958.8, 1712.9,  0.03016,      0,      0,       0,       0,       0,       0
insert,       179942,     103,     103,     103,   294.5,   274.8,   463.0,   581.2,   726.9,   806.9, 1774.4,  0.02887,      0,      0,       0,       0,       0,       0
likelyquery0,    543770,     312,     312,     312,   704.8,   655.0,  1066.8,  1268.4,  1532.1,  1662.5, 1774.4,  0.02887,      0,      0,       0,       0,       0,       0
total,        723712,     415,     415,     415,   603.1,   591.5,  1024.1,  1231.3,  1470.0,  1662.5, 1774.4,  0.02887,      0,      0,       0,       0,       0,       0
insert,       185862,     107,     107,     107,   293.6,   283.2,   443.3,   519.7,   618.5,   664.8, 1829.8,  0.02769,      0,      0,       0,       0,       0,       0
likelyquery0,    560825,     308,     308,     308,   708.7,   687.4,  1010.0,  1155.0,  1303.9,  1430.1, 1829.8,  0.02769,      0,      0,       0,       0,       0,       0
total,        746687,     415,     415,     415,   601.8,   618.8,   972.7,  1131.3,  1299.6,  1430.1, 1829.8,  0.02769,      0,      0,       0,       0,       0,       0
insert,       192550,     101,     101,     101,   294.6,   274.7,   479.4,   586.7,   730.0,   907.2, 1896.0,  0.02660,      0,      0,       0,       0,       0,       0
likelyquery0,    581615,     314,     314,     314,   701.6,   652.8,  1067.6,  1285.9,  1522.8,  1767.8, 1896.0,  0.02660,      0,      0,       0,       0,       0,       0
total,        774165,     415,     415,     415,   602.6,   595.1,  1022.9,  1254.3,  1511.4,  1767.8, 1896.0,  0.02660,      0,      0,       0,       0,       0,       0
insert,       199918,     100,     100,     100,   295.5,   280.3,   458.1,   562.0,   661.3,   731.8, 1969.5,  0.02560,      0,      0,       0,       0,       0,       0
likelyquery0,    604571,     312,     312,     312,   705.0,   677.7,  1018.7,  1184.0,  1335.8,  1612.0, 1969.5,  0.02560,      0,      0,       0,       0,       0,       0
total,        804489,     412,     412,     412,   605.5,   606.7,   988.4,  1154.9,  1315.1,  1612.0, 1969.5,  0.02560,      0,      0,       0,       0,       0,       0
insert,       206673,     100,     100,     100,   297.7,   270.0,   508.0,   644.8,   825.8,   852.9, 2037.1,  0.02469,      0,      0,       0,       0,       0,       0
likelyquery0,    625464,     309,     309,     309,   712.5,   643.8,  1164.4,  1394.8,  1593.0,  1850.0, 2037.1,  0.02469,      0,      0,       0,       0,       0,       0
total,        832137,     409,     409,     409,   611.1,   583.8,  1116.0,  1365.6,  1582.6,  1850.0, 2037.1,  0.02469,      0,      0,       0,       0,       0,       0
insert,       214186,      98,      98,      98,   301.1,   288.7,   450.8,   564.4,   793.8,   865.2, 2113.4,  0.02388,      0,      0,       0,       0,       0,       0
likelyquery0,    648725,     305,     305,     305,   722.4,   702.3,  1021.7,  1230.7,  1427.1,  1620.4, 2113.4,  0.02388,      0,      0,       0,       0,       0,       0
total,        862911,     403,     403,     403,   619.5,   632.2,   988.5,  1186.5,  1401.4,  1620.4, 2113.4,  0.02388,      0,      0,       0,       0,       0,       0
insert,       222008,     106,     106,     106,   291.7,   269.5,   478.5,   569.5,   656.8,   693.4, 2187.3,  0.02305,      0,      0,       0,       0,       0,       0
likelyquery0,    671903,     314,     314,     314,   698.0,   638.6,  1075.2,  1237.1,  1401.6,  1512.7, 2187.3,  0.02305,      0,      0,       0,       0,       0,       0
total,        893911,     420,     420,     420,   595.5,   580.4,  1035.7,  1212.6,  1396.1,  1512.7, 2187.3,  0.02305,      0,      0,       0,       0,       0,       0
insert,       229913,     104,     104,     104,   297.6,   285.5,   449.6,   528.5,   620.3,   713.4, 2263.2,  0.02231,      0,      0,       0,       0,       0,       0
likelyquery0,    695233,     307,     307,     307,   715.3,   694.1,  1028.1,  1186.2,  1315.7,  1457.7, 2263.3,  0.02231,      0,      0,       0,       0,       0,       0
total,        925146,     411,     411,     411,   609.6,   623.0,   985.1,  1169.6,  1306.8,  1457.7, 2263.3,  0.02231,      0,      0,       0,       0,       0,       0
insert,       238614,     102,     102,     102,   302.1,   278.5,   504.9,   620.7,   733.3,   850.7, 2348.4,  0.02165,      0,      0,       0,       0,       0,       0
likelyquery0,    720798,     300,     300,     300,   727.5,   666.4,  1150.4,  1362.7,  1566.9,  1840.4, 2348.4,  0.02165,      0,      0,       0,       0,       0,       0
total,        959412,     402,     402,     402,   619.5,   603.5,  1102.2,  1323.5,  1548.2,  1840.4, 2348.4,  0.02165,      0,      0,       0,       0,       0,       0
insert,       247210,     101,     101,     101,   298.0,   277.8,   480.2,   585.7,   792.3,   899.2, 2433.4,  0.02099,      0,      0,       0,       0,       0,       0
likelyquery0,    747123,     310,     310,     310,   712.1,   662.4,  1088.2,  1294.5,  1589.5,  1794.1, 2433.4,  0.02099,      0,      0,       0,       0,       0,       0
total,        994333,     411,     411,     411,   610.2,   596.2,  1049.4,  1262.3,  1556.8,  1794.1, 2433.4,  0.02099,      0,      0,       0,       0,       0,       0
insert,       253458,     103,     103,     103,   296.2,   286.9,   449.9,   523.7,   593.9,   688.9, 2493.7,  0.02036,      0,      0,       0,       0,       0,       0
likelyquery0,    765806,     309,     309,     309,   707.9,   688.8,   992.5,  1165.2,  1387.6,  1551.7, 2493.8,  0.02036,      0,      0,       0,       0,       0,       0
total,       1019264,     413,     413,     413,   604.7,   619.2,   963.9,  1139.6,  1358.0,  1551.7, 2493.8,  0.02036,      0,      0,       0,       0,       0,       0
insert,       261388,     100,     100,     100,   295.1,   275.4,   469.1,   595.5,   753.7,   850.1, 2573.1,  0.01978,      0,      0,       0,       0,       0,       0
likelyquery0,    790425,     310,     310,     310,   711.4,   666.7,  1083.7,  1308.3,  1473.6,  1591.4, 2573.1,  0.01978,      0,      0,       0,       0,       0,       0
total,       1051813,     410,     410,     410,   610.0,   603.5,  1041.4,  1268.9,  1468.2,  1591.4, 2573.1,  0.01978,      0,      0,       0,       0,       0,       0
insert,       273311,     103,     103,     103,   296.2,   281.9,   457.8,   552.5,   679.9,   914.5, 2688.5,  0.01922,      0,      0,       0,       0,       0,       0
likelyquery0,    826110,     309,     309,     309,   709.9,   679.8,  1036.2,  1222.5,  1443.1,  1638.8, 2688.5,  0.01922,      0,      0,       0,       0,       0,       0
total,       1099421,     412,     412,     412,   606.3,   607.7,   996.9,  1187.4,  1423.6,  1638.8, 2688.5,  0.01922,      0,      0,       0,       0,       0,       0
insert,       280791,     102,     102,     102,   294.5,   275.1,   468.7,   593.6,   732.9,   925.4, 2761.6,  0.01870,      0,      0,       0,       0,       0,       0
likelyquery0,    848778,     310,     310,     310,   705.1,   665.7,  1059.3,  1279.0,  1544.7,  1695.9, 2761.6,  0.01870,      0,      0,       0,       0,       0,       0
total,       1129569,     413,     413,     413,   603.2,   595.1,  1010.5,  1244.4,  1523.6,  1695.9, 2761.6,  0.01870,      0,      0,       0,       0,       0,       0
insert,       289035,     105,     105,     105,   297.0,   281.5,   460.0,   592.9,   685.2,   743.1, 2840.4,  0.01820,      0,      0,       0,       0,       0,       0
likelyquery0,    873027,     308,     308,     308,   714.4,   681.0,  1061.6,  1273.0,  1470.5,  1678.6, 2840.4,  0.01820,      0,      0,       0,       0,       0,       0
total,       1162062,     412,     412,     412,   608.5,   616.4,  1012.3,  1236.0,  1445.3,  1678.6, 2840.4,  0.01820,      0,      0,       0,       0,       0,       0
insert,       302675,     108,     108,     108,   290.5,   274.0,   456.3,   558.6,   700.6,   834.5, 2966.3,  0.01772,      0,      0,       0,       0,       0,       0
likelyquery0,    912290,     312,     312,     312,   700.7,   666.8,  1024.9,  1234.9,  1403.6,  1575.9, 2966.3,  0.01772,      0,      0,       0,       0,       0,       0
total,       1214965,     420,     420,     420,   594.9,   594.1,   985.5,  1197.8,  1391.1,  1575.9, 2966.3,  0.01772,      0,      0,       0,       0,       0,       0
insert,       308889,     108,     108,     108,   290.7,   273.5,   460.1,   563.7,   675.8,   733.6, 3023.7,  0.01726,      0,      0,       0,       0,       0,       0
likelyquery0,    930166,     311,     311,     311,   701.5,   662.5,  1044.7,  1253.2,  1407.0,  1583.8, 3023.7,  0.01726,      0,      0,       0,       0,       0,       0
total,       1239055,     419,     419,     419,   595.5,   588.6,  1001.1,  1214.3,  1397.8,  1583.8, 3023.7,  0.01726,      0,      0,       0,       0,       0,       0
insert,       316322,     102,     102,     102,   299.0,   284.5,   471.9,   597.4,   767.8,   919.2, 3096.8,  0.01685,      0,      0,       0,       0,       0,       0
likelyquery0,    952574,     307,     307,     307,   715.1,   681.0,  1073.6,  1329.3,  1511.8,  1770.9, 3096.8,  0.01685,      0,      0,       0,       0,       0,       0
total,       1268896,     408,     408,     408,   611.5,   609.3,  1019.2,  1299.6,  1504.5,  1770.9, 3096.8,  0.01685,      0,      0,       0,       0,       0,       0
insert,       324989,     101,     101,     101,   293.4,   283.1,   433.8,   531.1,   679.0,   837.9, 3182.8,  0.01644,      0,      0,       0,       0,       0,       0
likelyquery0,    979634,     315,     315,     315,   701.2,   678.1,   986.5,  1181.4,  1356.1,  1509.5, 3182.8,  0.01644,      0,      0,       0,       0,       0,       0
total,       1304623,     416,     416,     416,   602.2,   613.9,   954.8,  1151.3,  1342.9,  1509.5, 3182.8,  0.01644,      0,      0,       0,       0,       0,       0
insert,       332297,     104,     104,     104,   291.8,   271.1,   468.4,   588.7,   740.7,   788.4, 3252.9,  0.01605,      0,      0,       0,       0,       0,       0
likelyquery0,   1001336,     310,     310,     310,   709.9,   660.5,  1086.8,  1238.2,  1394.7,  1488.4, 3252.9,  0.01605,      0,      0,       0,       0,       0,       0
total,       1333633,     414,     414,     414,   604.6,   590.5,  1049.7,  1217.6,  1367.7,  1488.4, 3252.9,  0.01605,      0,      0,       0,       0,       0,       0
insert,       338429,     107,     107,     107,   290.4,   277.3,   448.4,   543.6,   667.0,   689.7, 3310.0,  0.01567,      0,      0,       0,       0,       0,       0
likelyquery0,   1019170,     312,     312,     312,   700.9,   678.1,  1021.9,  1179.9,  1338.0,  1481.9, 3310.0,  0.01567,      0,      0,       0,       0,       0,       0
total,       1357599,     420,     420,     420,   595.9,   606.3,   979.8,  1157.8,  1323.6,  1481.9, 3310.0,  0.01567,      0,      0,       0,       0,       0,       0
insert,       344383,     104,     104,     104,   288.7,   269.9,   481.0,   627.6,   762.9,   827.2, 3367.0,  0.01532,      0,      0,       0,       0,       0,       0
likelyquery0,   1036880,     311,     311,     311,   705.4,   651.0,  1118.8,  1346.7,  1504.6,  1657.8, 3367.0,  0.01532,      0,      0,       0,       0,       0,       0
total,       1381263,     415,     415,     415,   600.5,   591.0,  1066.7,  1311.8,  1479.1,  1657.8, 3367.0,  0.01532,      0,      0,       0,       0,       0,       0
insert,       351063,     109,     109,     109,   293.4,   282.2,   433.6,   527.7,   643.3,   746.1, 3428.2,  0.01498,      0,      0,       0,       0,       0,       0
likelyquery0,   1056001,     312,     312,     312,   700.0,   678.8,   999.3,  1139.5,  1267.0,  1373.8, 3428.3,  0.01498,      0,      0,       0,       0,       0,       0
total,       1407064,     421,     421,     421,   594.7,   607.4,   957.4,  1118.4,  1261.2,  1373.8, 3428.3,  0.01498,      0,      0,       0,       0,       0,       0
insert,       363000,     107,     107,     107,   289.4,   271.8,   450.0,   577.5,   834.7,  1058.5, 3540.2,  0.01465,      0,      0,       0,       0,       0,       0
likelyquery0,   1091302,     315,     315,     315,   694.3,   651.5,  1040.6,  1320.9,  1694.2,  1901.4, 3540.2,  0.01465,      0,      0,       0,       0,       0,       0
total,       1454302,     422,     422,     422,   592.0,   590.4,   997.3,  1249.0,  1664.2,  1901.4, 3540.2,  0.01465,      0,      0,       0,       0,       0,       0
insert,       375906,     107,     107,     107,   287.6,   272.0,   454.3,   556.4,   668.3,   749.8, 3661.4,  0.01434,      0,      0,       0,       0,       0,       0
likelyquery0,   1129556,     316,     316,     316,   694.0,   658.6,  1036.7,  1221.2,  1399.7,  1645.6, 3661.4,  0.01434,      0,      0,       0,       0,       0,       0
total,       1505462,     422,     422,     422,   591.5,   590.1,   995.4,  1191.6,  1375.8,  1645.6, 3661.4,  0.01434,      0,      0,       0,       0,       0,       0
insert,       382465,     103,     103,     103,   298.7,   280.1,   482.8,   608.0,   759.3,   886.6, 3725.3,  0.01404,      0,      0,       0,       0,       0,       0
likelyquery0,   1149317,     309,     309,     309,   712.3,   671.6,  1055.4,  1318.3,  1635.8,  1731.5, 3725.3,  0.01404,      0,      0,       0,       0,       0,       0
total,       1531782,     412,     412,     412,   609.2,   610.8,  1015.2,  1260.6,  1587.6,  1731.5, 3725.3,  0.01404,      0,      0,       0,       0,       0,       0
insert,       390802,     105,     105,     105,   292.4,   280.3,   453.2,   553.4,   702.8,   823.1, 3804.4,  0.01376,      0,      0,       0,       0,       0,       0
likelyquery0,   1173907,     311,     311,     311,   704.8,   678.5,  1033.5,  1245.9,  1404.3,  1529.0, 3804.4,  0.01376,      0,      0,       0,       0,       0,       0
total,       1564709,     416,     416,     416,   600.4,   604.4,   984.1,  1203.3,  1369.0,  1529.0, 3804.4,  0.01376,      0,      0,       0,       0,       0,       0
insert,       399170,     101,     101,     101,   291.8,   270.3,   487.4,   588.3,   693.2,   774.8, 3887.0,  0.01348,      0,      0,       0,       0,       0,       0
likelyquery0,   1199984,     316,     316,     316,   697.3,   639.2,  1089.5,  1282.8,  1429.6,  1566.5, 3887.0,  0.01348,      0,      0,       0,       0,       0,       0
total,       1599154,     417,     417,     417,   598.8,   577.3,  1049.1,  1252.7,  1410.2,  1566.5, 3887.0,  0.01348,      0,      0,       0,       0,       0,       0
insert,       407112,     102,     102,     102,   293.1,   284.3,   436.3,   514.1,   607.3,   676.9, 3964.8,  0.01322,      0,      0,       0,       0,       0,       0
likelyquery0,   1224431,     314,     314,     314,   700.6,   683.5,   979.6,  1107.4,  1238.3,  1366.8, 3964.8,  0.01322,      0,      0,       0,       0,       0,       0
total,       1631543,     417,     417,     417,   600.7,   617.4,   952.9,  1088.2,  1219.6,  1366.8, 3964.8,  0.01322,      0,      0,       0,       0,       0,       0
insert,       414867,     108,     108,     108,   288.9,   269.2,   464.5,   569.7,   659.7,   737.6, 4036.3,  0.01296,      0,      0,       0,       0,       0,       0
likelyquery0,   1246936,     314,     314,     314,   696.5,   651.6,  1053.5,  1225.8,  1390.0,  1586.0, 4036.3,  0.01296,      0,      0,       0,       0,       0,       0
total,       1661803,     423,     423,     423,   592.1,   580.2,  1015.5,  1207.3,  1386.2,  1586.0, 4036.3,  0.01296,      0,      0,       0,       0,       0,       0
insert,       422527,     110,     110,     110,   282.9,   260.3,   475.3,   564.4,   694.0,   743.8, 4106.2,  0.01272,      0,      0,       0,       0,       0,       0
likelyquery0,   1269221,     319,     319,     319,   686.3,   628.2,  1086.2,  1252.9,  1428.2,  1556.3, 4106.2,  0.01272,      0,      0,       0,       0,       0,       0
total,       1691748,     429,     429,     429,   583.1,   566.1,  1043.4,  1228.9,  1392.9,  1556.3, 4106.2,  0.01272,      0,      0,       0,       0,       0,       0
insert,       432060,     105,     105,     105,   287.6,   275.4,   442.6,   543.2,   681.1,   783.2, 4196.9,  0.01249,      0,      0,       0,       0,       0,       0
likelyquery0,   1298059,     318,     318,     318,   690.5,   659.0,  1007.1,  1236.3,  1419.8,  1615.5, 4196.9,  0.01249,      0,      0,       0,       0,       0,       0
total,       1730119,     423,     423,     423,   590.4,   593.6,   961.9,  1205.9,  1399.1,  1615.5, 4196.9,  0.01249,      0,      0,       0,       0,       0,       0
insert,       440053,     102,     102,     102,   290.2,   270.6,   468.3,   574.3,   680.1,   775.0, 4275.0,  0.01226,      0,      0,       0,       0,       0,       0
likelyquery0,   1322704,     315,     315,     315,   698.5,   653.3,  1071.9,  1249.4,  1446.9,  1573.2, 4275.0,  0.01226,      0,      0,       0,       0,       0,       0
total,       1762757,     418,     418,     418,   598.5,   585.4,  1028.2,  1219.9,  1439.0,  1573.2, 4275.0,  0.01226,      0,      0,       0,       0,       0,       0
insert,       446797,     112,     112,     112,   281.6,   267.8,   431.8,   515.7,   672.3,   704.7, 4335.1,  0.01205,      0,      0,       0,       0,       0,       0
likelyquery0,   1342026,     321,     321,     321,   679.5,   658.5,   975.0,  1128.0,  1265.7,  1362.3, 4335.1,  0.01205,      0,      0,       0,       0,       0,       0
total,       1788823,     434,     434,     434,   576.6,   580.3,   938.6,  1104.1,  1252.4,  1362.3, 4335.1,  0.01205,      0,      0,       0,       0,       0,       0
insert,       456348,     100,     100,     100,   295.3,   275.7,   475.7,   578.8,   679.8,   754.2, 4430.2,  0.01184,      0,      0,       0,       0,       0,       0
likelyquery0,   1371760,     313,     313,     313,   705.4,   661.6,  1061.4,  1231.5,  1387.0,  1518.9, 4430.3,  0.01184,      0,      0,       0,       0,       0,       0
total,       1828108,     413,     413,     413,   605.7,   597.8,  1028.8,  1204.8,  1374.4,  1518.9, 4430.3,  0.01184,      0,      0,       0,       0,       0,       0
insert,       464662,     109,     109,     109,   280.1,   265.8,   426.6,   521.7,   607.0,   711.8, 4506.3,  0.01166,      0,      0,       0,       0,       0,       0
likelyquery0,   1396608,     327,     327,     327,   669.9,   640.4,   981.2,  1155.5,  1304.7,  1409.0, 4506.3,  0.01166,      0,      0,       0,       0,       0,       0
total,       1861270,     436,     436,     436,   572.2,   571.1,   949.0,  1117.2,  1291.3,  1409.0, 4506.3,  0.01166,      0,      0,       0,       0,       0,       0
insert,       476259,     116,     116,     116,   271.8,   252.5,   437.4,   540.2,   656.0,   775.1, 4606.6,  0.01151,      0,      0,       0,       0,       0,       0
likelyquery0,   1430095,     334,     334,     334,   655.9,   609.9,  1008.2,  1167.7,  1300.7,  1416.0, 4606.6,  0.01151,      0,      0,       0,       0,       0,       0
total,       1906354,     449,     449,     449,   557.1,   546.6,   969.8,  1142.9,  1291.8,  1416.0, 4606.6,  0.01151,      0,      0,       0,       0,       0,       0
insert,       484625,     109,     109,     109,   281.7,   267.9,   435.9,   544.4,   713.7,   859.6, 4683.3,  0.01133,      0,      0,       0,       0,       0,       0
likelyquery0,   1454869,     323,     323,     323,   678.1,   652.6,   977.8,  1194.0,  1477.3,  1607.8, 4683.3,  0.01133,      0,      0,       0,       0,       0,       0
total,       1939494,     432,     432,     432,   578.1,   583.8,   940.4,  1145.0,  1453.6,  1607.8, 4683.3,  0.01133,      0,      0,       0,       0,       0,       0
insert,       492656,     106,     106,     106,   280.9,   261.6,   457.2,   580.0,   648.3,   737.9, 4759.2,  0.01115,      0,      0,       0,       0,       0,       0
likelyquery0,   1479860,     329,     329,     329,   669.7,   618.7,  1047.7,  1222.0,  1433.4,  1617.6, 4759.2,  0.01115,      0,      0,       0,       0,       0,       0
total,       1972516,     435,     435,     435,   575.1,   562.2,  1005.2,  1194.6,  1417.6,  1617.6, 4759.2,  0.01115,      0,      0,       0,       0,       0,       0
insert,       500199,     110,     110,     110,   278.5,   268.7,   417.7,   504.4,   589.0,   626.7, 4827.5,  0.01099,      0,      0,       0,       0,       0,       0
likelyquery0,   1502106,     326,     326,     326,   672.2,   653.2,   958.0,  1099.2,  1210.2,  1355.8, 4827.5,  0.01099,      0,      0,       0,       0,       0,       0
total,       2002305,     436,     436,     436,   572.5,   593.3,   922.5,  1081.3,  1201.7,  1355.8, 4827.5,  0.01099,      0,      0,       0,       0,       0,       0
insert,       506333,     106,     106,     106,   274.6,   260.3,   423.6,   527.5,   654.6,   751.7, 4885.4,  0.01084,      0,      0,       0,       0,       0,       0
likelyquery0,   1521641,     338,     338,     338,   654.6,   619.9,   977.3,  1151.4,  1311.3,  1434.8, 4885.4,  0.01084,      0,      0,       0,       0,       0,       0
total,       2027974,     443,     443,     443,   563.8,   560.1,   939.4,  1123.1,  1309.6,  1434.8, 4885.4,  0.01084,      0,      0,       0,       0,       0,       0
insert,       515442,     112,     112,     112,   275.3,   257.5,   444.1,   545.3,   672.1,   716.2, 4966.8,  0.01070,      0,      0,       0,       0,       0,       0
likelyquery0,   1548608,     331,     331,     331,   660.3,   623.0,  1002.6,  1175.8,  1328.8,  1555.0, 4966.9,  0.01070,      0,      0,       0,       0,       0,       0
total,       2064050,     443,     443,     443,   563.1,   552.3,   964.6,  1154.2,  1315.4,  1555.0, 4966.9,  0.01070,      0,      0,       0,       0,       0,       0
insert,       523182,     112,     112,     112,   276.0,   261.9,   428.8,   552.1,   719.9,   796.6, 5036.0,  0.01056,      0,      0,       0,       0,       0,       0
likelyquery0,   1571526,     331,     331,     331,   663.6,   632.2,   979.3,  1178.6,  1404.1,  1520.4, 5036.0,  0.01056,      0,      0,       0,       0,       0,       0
total,       2094708,     443,     443,     443,   565.7,   567.6,   945.9,  1131.6,  1391.5,  1520.4, 5036.0,  0.01056,      0,      0,       0,       0,       0,       0
insert,       528302,     108,     108,     108,   278.2,   265.0,   428.0,   521.0,   663.3,   700.2, 5083.3,  0.01042,      0,      0,       0,       0,       0,       0
likelyquery0,   1587328,     335,     335,     335,   655.3,   627.3,   956.8,  1130.8,  1290.4,  1460.3, 5083.3,  0.01042,      0,      0,       0,       0,       0,       0
total,       2115630,     443,     443,     443,   563.0,   564.1,   918.8,  1105.9,  1280.6,  1460.3, 5083.3,  0.01042,      0,      0,       0,       0,       0,       0
insert,       535672,     108,     108,     108,   276.3,   261.2,   430.5,   522.0,   685.2,   731.0, 5151.5,  0.01029,      0,      0,       0,       0,       0,       0
likelyquery0,   1610192,     335,     335,     335,   657.5,   623.1,   979.4,  1148.2,  1329.0,  1479.1, 5151.5,  0.01029,      0,      0,       0,       0,       0,       0
total,       2145864,     443,     443,     443,   564.6,   560.5,   947.4,  1120.7,  1311.1,  1479.1, 5151.5,  0.01029,      0,      0,       0,       0,       0,       0
insert,       545004,     115,     115,     115,   275.6,   256.5,   442.4,   560.0,   705.6,   814.5, 5232.5,  0.01017,      0,      0,       0,       0,       0,       0
likelyquery0,   1637102,     332,     332,     332,   658.0,   612.6,  1009.4,  1235.0,  1468.4,  1609.6, 5232.5,  0.01017,      0,      0,       0,       0,       0,       0
total,       2182106,     447,     447,     447,   559.5,   552.8,   968.2,  1183.1,  1449.6,  1609.6, 5232.5,  0.01017,      0,      0,       0,       0,       0,       0
insert,       550894,     111,     111,     111,   270.2,   255.6,   413.8,   493.4,   632.9,   684.5, 5285.7,  0.01006,      0,      0,       0,       0,       0,       0
likelyquery0,   1655250,     341,     341,     341,   643.4,   603.8,   948.1,  1117.1,  1264.0,  1374.8, 5285.7,  0.01006,      0,      0,       0,       0,       0,       0
total,       2206144,     452,     452,     452,   551.9,   547.1,   914.3,  1095.8,  1257.7,  1374.8, 5285.7,  0.01006,      0,      0,       0,       0,       0,       0
insert,       558185,     106,     106,     106,   286.2,   271.9,   445.5,   549.2,   685.4,   778.1, 5354.8,  0.00992,      0,      0,       0,       0,       0,       0
likelyquery0,   1677450,     321,     321,     321,   683.9,   654.4,  1008.4,  1208.4,  1370.5,  1467.0, 5354.8,  0.00992,      0,      0,       0,       0,       0,       0
total,       2235635,     427,     427,     427,   585.6,   585.0,   966.8,  1171.9,  1349.3,  1467.0, 5354.8,  0.00992,      0,      0,       0,       0,       0,       0
insert,       564288,     111,     111,     111,   272.5,   244.3,   478.0,   582.2,   673.2,   752.6, 5409.7,  0.00980,      0,      0,       0,       0,       0,       0
likelyquery0,   1695866,     335,     335,     335,   656.9,   585.5,  1082.3,  1262.0,  1422.3,  1599.1, 5409.7,  0.00980,      0,      0,       0,       0,       0,       0
total,       2260154,     446,     446,     446,   561.2,   535.8,  1033.0,  1234.5,  1413.5,  1599.1, 5409.7,  0.00980,      0,      0,       0,       0,       0,       0
insert,       574420,     110,     110,     110,   274.4,   259.3,   425.6,   540.3,   657.7,   802.2, 5502.1,  0.00969,      0,      0,       0,       0,       0,       0
likelyquery0,   1726679,     333,     333,     333,   657.0,   628.1,   968.4,  1140.0,  1281.8,  1437.6, 5502.1,  0.00969,      0,      0,       0,       0,       0,       0
total,       2301099,     443,     443,     443,   562.3,   559.8,   930.0,  1116.8,  1270.0,  1437.6, 5502.1,  0.00969,      0,      0,       0,       0,       0,       0
insert,       580823,     114,     114,     114,   270.8,   248.6,   461.2,   587.1,   713.2,   849.7, 5558.4,  0.00959,      0,      0,       0,       0,       0,       0
likelyquery0,   1745747,     339,     339,     339,   651.9,   596.8,  1073.0,  1271.1,  1446.4,  1665.1, 5558.4,  0.00959,      0,      0,       0,       0,       0,       0
total,       2326570,     453,     453,     453,   556.1,   544.6,  1018.6,  1244.7,  1437.1,  1665.1, 5558.4,  0.00959,      0,      0,       0,       0,       0,       0
insert,       587139,     116,     116,     116,   271.8,   262.0,   423.2,   498.0,   573.2,   629.2, 5612.7,  0.00948,      0,      0,       0,       0,       0,       0
likelyquery0,   1763388,     325,     325,     325,   669.5,   657.7,   942.6,  1068.8,  1177.5,  1277.2, 5612.7,  0.00948,      0,      0,       0,       0,       0,       0
total,       2350527,     441,     441,     441,   564.6,   580.7,   913.3,  1047.1,  1174.1,  1277.2, 5612.7,  0.00948,      0,      0,       0,       0,       0,       0
insert,       594029,     110,     110,     110,   271.2,   250.7,   439.2,   569.2,   718.7,   886.8, 5675.6,  0.00937,      0,      0,       0,       0,       0,       0
likelyquery0,   1784496,     336,     336,     336,   656.9,   608.3,  1029.9,  1227.7,  1375.4,  1566.4, 5675.6,  0.00937,      0,      0,       0,       0,       0,       0
total,       2378525,     445,     445,     445,   562.0,   545.0,   981.0,  1196.8,  1354.3,  1566.4, 5675.6,  0.00937,      0,      0,       0,       0,       0,       0
insert,       601289,     103,     103,     103,   284.3,   276.4,   412.1,   482.6,   674.4,   830.2, 5745.8,  0.00924,      0,      0,       0,       0,       0,       0
likelyquery0,   1807336,     325,     325,     325,   679.4,   664.6,   937.8,  1083.3,  1274.5,  1442.7, 5745.8,  0.00924,      0,      0,       0,       0,       0,       0
total,       2408625,     429,     429,     429,   584.1,   608.6,   908.5,  1061.9,  1264.5,  1442.7, 5745.8,  0.00924,      0,      0,       0,       0,       0,       0
insert,       610383,     114,     114,     114,   264.8,   242.2,   446.0,   545.2,   628.8,   712.9, 5825.3,  0.00918,      0,      0,       0,       0,       0,       0
likelyquery0,   1834799,     346,     346,     346,   634.8,   576.5,  1008.4,  1168.3,  1313.5,  1414.9, 5825.3,  0.00918,      0,      0,       0,       0,       0,       0
total,       2445182,     460,     460,     460,   542.7,   526.9,   973.3,  1143.1,  1297.0,  1414.9, 5825.3,  0.00918,      0,      0,       0,       0,       0,       0
insert,       615766,     120,     120,     120,   270.2,   254.5,   429.6,   523.5,   607.2,   667.7, 5870.2,  0.00909,      0,      0,       0,       0,       0,       0
likelyquery0,   1849653,     331,     331,     331,   657.2,   626.3,   973.9,  1106.2,  1256.3,  1350.8, 5870.2,  0.00909,      0,      0,       0,       0,       0,       0
total,       2465419,     451,     451,     451,   554.3,   551.2,   941.6,  1082.1,  1228.6,  1350.8, 5870.2,  0.00909,      0,      0,       0,       0,       0,       0
insert,       625347,     112,     112,     112,   274.3,   259.7,   428.7,   508.5,   608.0,   683.3, 5955.4,  0.00900,      0,      0,       0,       0,       0,       0
likelyquery0,   1878184,     335,     335,     335,   656.5,   628.5,   962.3,  1124.8,  1268.1,  1410.5, 5955.5,  0.00900,      0,      0,       0,       0,       0,       0
total,       2503531,     447,     447,     447,   560.4,   560.6,   930.4,  1099.7,  1257.7,  1410.5, 5955.5,  0.00900,      0,      0,       0,       0,       0,       0
insert,       632013,     112,     112,     112,   266.3,   246.9,   435.2,   530.1,   663.2,   745.2, 6014.9,  0.00892,      0,      0,       0,       0,       0,       0
likelyquery0,   1898631,     344,     344,     344,   640.0,   594.5,   965.5,  1145.7,  1362.3,  1485.8, 6014.9,  0.00892,      0,      0,       0,       0,       0,       0
total,       2530644,     456,     456,     456,   548.1,   537.8,   934.9,  1118.6,  1335.1,  1485.8, 6014.9,  0.00892,      0,      0,       0,       0,       0,       0
insert,       638546,     114,     114,     114,   273.2,   260.1,   419.0,   503.1,   660.1,   681.5, 6072.2,  0.00883,      0,      0,       0,       0,       0,       0
likelyquery0,   1917783,     334,     334,     334,   654.5,   631.1,   941.6,  1072.4,  1206.7,  1347.6, 6072.2,  0.00883,      0,      0,       0,       0,       0,       0
total,       2556329,     448,     448,     448,   557.5,   566.1,   910.7,  1049.3,  1203.6,  1347.6, 6072.2,  0.00883,      0,      0,       0,       0,       0,       0
insert,       646130,     116,     116,     116,   268.5,   249.0,   443.1,   553.3,   702.4,   772.4, 6137.8,  0.00875,      0,      0,       0,       0,       0,       0
likelyquery0,   1939923,     338,     338,     338,   648.4,   599.9,  1023.6,  1214.1,  1392.9,  1560.1, 6137.8,  0.00875,      0,      0,       0,       0,       0,       0
total,       2586053,     454,     454,     454,   551.4,   540.3,   983.1,  1182.0,  1384.2,  1560.1, 6137.8,  0.00875,      0,      0,       0,       0,       0,       0
insert,       654443,     114,     114,     114,   267.5,   250.9,   427.0,   513.3,   583.8,   653.7, 6210.5,  0.00867,      0,      0,       0,       0,       0,       0
likelyquery0,   1964480,     337,     337,     337,   650.6,   622.5,   961.6,  1112.8,  1252.9,  1401.0, 6210.6,  0.00867,      0,      0,       0,       0,       0,       0
total,       2618923,     451,     451,     451,   553.7,   552.0,   923.8,  1087.5,  1228.4,  1401.0, 6210.6,  0.00867,      0,      0,       0,       0,       0,       0
insert,       662192,     117,     117,     117,   265.4,   246.9,   429.8,   530.5,   644.2,   738.0, 6276.5,  0.00860,      0,      0,       0,       0,       0,       0
likelyquery0,   1986889,     340,     340,     340,   643.2,   604.2,   981.0,  1159.3,  1307.6,  1562.8, 6276.5,  0.00860,      0,      0,       0,       0,       0,       0
total,       2649081,     457,     457,     457,   546.1,   544.4,   935.0,  1137.3,  1289.0,  1562.8, 6276.5,  0.00860,      0,      0,       0,       0,       0,       0
insert,       670232,     121,     121,     121,   261.2,   252.0,   388.6,   463.5,   551.2,   676.6, 6342.8,  0.00856,      0,      0,       0,       0,       0,       0
likelyquery0,   2009753,     345,     345,     345,   632.9,   612.8,   883.6,  1008.2,  1141.1,  1231.9, 6342.8,  0.00856,      0,      0,       0,       0,       0,       0
total,       2679985,     466,     466,     466,   536.2,   553.4,   856.5,   989.6,  1118.4,  1231.9, 6342.8,  0.00856,      0,      0,       0,       0,       0,       0
insert,       676855,     112,     112,     112,   282.1,   261.4,   462.1,   575.2,   694.9,   745.0, 6402.1,  0.00847,      0,      0,       0,       0,       0,       0
likelyquery0,   2028931,     323,     323,     323,   676.5,   630.0,  1055.9,  1252.7,  1432.1,  1575.4, 6402.1,  0.00847,      0,      0,       0,       0,       0,       0
total,       2705786,     435,     435,     435,   575.3,   553.8,  1010.0,  1213.0,  1417.6,  1575.4, 6402.1,  0.00847,      0,      0,       0,       0,       0,       0
insert,       685009,     113,     113,     113,   272.0,   261.3,   406.9,   478.2,   543.8,   612.4, 6474.1,  0.00839,      0,      0,       0,       0,       0,       0
likelyquery0,   2053199,     337,     337,     337,   648.7,   624.7,   932.9,  1072.1,  1196.6,  1405.3, 6474.1,  0.00839,      0,      0,       0,       0,       0,       0
total,       2738208,     450,     450,     450,   553.9,   563.1,   902.4,  1049.2,  1188.7,  1405.3, 6474.1,  0.00839,      0,      0,       0,       0,       0,       0
insert,       695169,     110,     110,     110,   271.1,   254.6,   430.7,   516.3,   607.3,   660.7, 6566.7,  0.00831,      0,      0,       0,       0,       0,       0
likelyquery0,   2084756,     341,     341,     341,   646.1,   608.8,   954.4,  1100.1,  1267.2,  1437.9, 6566.7,  0.00831,      0,      0,       0,       0,       0,       0
total,       2779925,     450,     450,     450,   554.7,   549.4,   924.1,  1078.7,  1257.3,  1437.9, 6566.7,  0.00831,      0,      0,       0,       0,       0,       0
insert,       701595,     119,     119,     119,   265.6,   255.7,   400.8,   493.4,   589.8,   615.0, 6620.7,  0.00825,      0,      0,       0,       0,       0,       0
likelyquery0,   2103168,     341,     341,     341,   642.7,   623.0,   918.0,  1071.8,  1176.1,  1320.7, 6620.7,  0.00825,      0,      0,       0,       0,       0,       0
total,       2804763,     460,     460,     460,   545.2,   562.1,   878.9,  1041.2,  1173.3,  1320.7, 6620.7,  0.00825,      0,      0,       0,       0,       0,       0
insert,       712346,     111,     111,     111,   274.0,   250.9,   456.2,   555.7,   677.1,   771.1, 6717.4,  0.00817,      0,      0,       0,       0,       0,       0
likelyquery0,   2135554,     335,     335,     335,   654.4,   596.5,  1037.3,  1207.9,  1382.7,  1536.4, 6717.4,  0.00817,      0,      0,       0,       0,       0,       0
total,       2847900,     446,     446,     446,   559.6,   536.3,   998.5,  1182.5,  1355.9,  1536.4, 6717.4,  0.00817,      0,      0,       0,       0,       0,       0
insert,       718761,     117,     117,     117,   271.3,   258.7,   417.1,   488.1,   571.7,   594.2, 6772.4,  0.00810,      0,      0,       0,       0,       0,       0
likelyquery0,   2154009,     336,     336,     336,   651.5,   626.7,   949.2,  1076.5,  1217.4,  1345.0, 6772.4,  0.00810,      0,      0,       0,       0,       0,       0
total,       2872770,     452,     452,     452,   553.4,   553.5,   918.7,  1054.6,  1194.5,  1345.0, 6772.4,  0.00810,      0,      0,       0,       0,       0,       0
insert,       727040,     111,     111,     111,   272.5,   256.4,   423.8,   509.7,   686.3,   813.9, 6846.7,  0.00803,      0,      0,       0,       0,       0,       0
likelyquery0,   2179116,     338,     338,     338,   650.3,   614.8,   960.2,  1141.5,  1384.8,  1504.1, 6846.7,  0.00803,      0,      0,       0,       0,       0,       0
total,       2906156,     449,     449,     449,   556.6,   547.0,   928.0,  1107.1,  1356.1,  1504.1, 6846.7,  0.00803,      0,      0,       0,       0,       0,       0
insert,       733218,     110,     110,     110,   272.6,   257.9,   431.1,   510.8,   566.9,   640.2, 6902.9,  0.00795,      0,      0,       0,       0,       0,       0
likelyquery0,   2197929,     334,     334,     334,   656.6,   632.3,   959.3,  1090.8,  1214.1,  1293.7, 6902.9,  0.00795,      0,      0,       0,       0,       0,       0
total,       2931147,     444,     444,     444,   561.7,   563.0,   929.1,  1073.9,  1209.3,  1293.7, 6902.9,  0.00795,      0,      0,       0,       0,       0,       0
insert,       740150,     107,     107,     107,   271.7,   251.2,   443.5,   586.3,   717.2,   771.3, 6967.6,  0.00787,      0,      0,       0,       0,       0,       0
likelyquery0,   2219695,     337,     337,     337,   658.2,   621.7,  1003.8,  1254.4,  1427.3,  1641.9, 6967.6,  0.00787,      0,      0,       0,       0,       0,       0
total,       2959845,     444,     444,     444,   564.9,   554.6,   961.3,  1209.8,  1406.5,  1641.9, 6967.6,  0.00787,      0,      0,       0,       0,       0,       0
insert,       746370,     113,     113,     113,   272.4,   257.6,   432.9,   514.4,   583.3,   625.8, 7022.6,  0.00779,      0,      0,       0,       0,       0,       0
likelyquery0,   2237968,     332,     332,     332,   660.0,   631.1,   968.6,  1113.0,  1251.3,  1356.7, 7022.6,  0.00779,      0,      0,       0,       0,       0,       0
total,       2984338,     445,     445,     445,   561.6,   559.9,   936.4,  1088.7,  1243.4,  1356.7, 7022.6,  0.00779,      0,      0,       0,       0,       0,       0
insert,       753523,     113,     113,     113,   274.2,   257.2,   430.0,   521.3,   595.4,   714.1, 7086.1,  0.00772,      0,      0,       0,       0,       0,       0
likelyquery0,   2259093,     333,     333,     333,   655.0,   627.0,   959.3,  1093.6,  1262.7,  1391.0, 7086.1,  0.00772,      0,      0,       0,       0,       0,       0
total,       3012616,     446,     446,     446,   558.7,   557.7,   927.7,  1073.5,  1238.6,  1391.0, 7086.1,  0.00772,      0,      0,       0,       0,       0,       0
insert,       762183,     120,     120,     120,   265.4,   244.0,   438.1,   520.1,   723.1,   860.8, 7158.3,  0.00767,      0,      0,       0,       0,       0,       0
likelyquery0,   2283709,     341,     341,     341,   642.1,   589.5,   992.2,  1214.6,  1436.7,  1551.0, 7158.3,  0.00767,      0,      0,       0,       0,       0,       0
total,       3045892,     461,     461,     461,   544.1,   531.1,   949.0,  1184.3,  1427.7,  1551.0, 7158.3,  0.00767,      0,      0,       0,       0,       0,       0
insert,       769045,     112,     112,     112,   267.6,   256.4,   409.5,   484.6,   559.3,   623.2, 7219.8,  0.00761,      0,      0,       0,       0,       0,       0
likelyquery0,   2304798,     343,     343,     343,   641.8,   619.1,   923.6,  1059.2,  1157.3,  1245.9, 7219.8,  0.00761,      0,      0,       0,       0,       0,       0
total,       3073843,     454,     454,     454,   549.9,   556.4,   895.2,  1035.6,  1148.4,  1245.9, 7219.8,  0.00761,      0,      0,       0,       0,       0,       0
insert,       774796,     118,     118,     118,   258.1,   235.5,   424.0,   511.8,   619.5,   661.7, 7268.4,  0.00758,      0,      0,       0,       0,       0,       0
likelyquery0,   2321723,     349,     349,     349,   630.7,   578.5,   973.3,  1106.8,  1243.1,  1382.0, 7268.4,  0.00758,      0,      0,       0,       0,       0,       0
total,       3096519,     467,     467,     467,   536.2,   524.1,   938.4,  1084.5,  1236.0,  1382.0, 7268.4,  0.00758,      0,      0,       0,       0,       0,       0
insert,       785631,     114,     114,     114,   271.7,   260.3,   407.4,   503.4,   602.9,   665.7, 7363.5,  0.00751,      0,      0,       0,       0,       0,       0
likelyquery0,   2353618,     335,     335,     335,   652.2,   633.6,   929.1,  1083.7,  1236.7,  1318.8, 7363.6,  0.00751,      0,      0,       0,       0,       0,       0
total,       3139249,     449,     449,     449,   555.7,   567.3,   896.4,  1057.6,  1216.4,  1318.8, 7363.6,  0.00751,      0,      0,       0,       0,       0,       0
insert,       793353,     113,     113,     113,   273.4,   252.5,   453.3,   540.8,   620.1,   670.9, 7432.0,  0.00745,      0,      0,       0,       0,       0,       0
likelyquery0,   2376739,     338,     338,     338,   651.4,   599.1,  1016.8,  1187.9,  1358.6,  1486.2, 7432.0,  0.00745,      0,      0,       0,       0,       0,       0
total,       3170092,     450,     450,     450,   556.8,   540.3,   981.1,  1162.5,  1344.1,  1486.2, 7432.0,  0.00745,      0,      0,       0,       0,       0,       0
insert,       799107,     113,     113,     113,   270.5,   258.6,   414.1,   476.9,   554.9,   593.2, 7483.0,  0.00738,      0,      0,       0,       0,       0,       0
likelyquery0,   2393994,     338,     338,     338,   646.9,   620.7,   940.0,  1068.9,  1193.2,  1312.8, 7483.0,  0.00738,      0,      0,       0,       0,       0,       0
total,       3193101,     451,     451,     451,   552.8,   562.1,   911.7,  1056.9,  1164.2,  1312.8, 7483.0,  0.00738,      0,      0,       0,       0,       0,       0
insert,       808410,     110,     110,     110,   265.6,   248.4,   427.0,   516.6,   608.8,   646.1, 7567.3,  0.00734,      0,      0,       0,       0,       0,       0
likelyquery0,   2423428,     349,     349,     349,   632.5,   591.3,   964.9,  1128.3,  1270.6,  1381.2, 7567.3,  0.00734,      0,      0,       0,       0,       0,       0
total,       3231838,     460,     460,     460,   544.4,   540.4,   927.3,  1104.5,  1261.8,  1381.2, 7567.3,  0.00734,      0,      0,       0,       0,       0,       0
insert,       814805,     112,     112,     112,   273.1,   258.2,   423.0,   523.2,   606.5,   690.3, 7624.3,  0.00728,      0,      0,       0,       0,       0,       0
likelyquery0,   2442724,     339,     339,     339,   647.9,   611.7,   970.0,  1111.8,  1233.6,  1370.0, 7624.3,  0.00728,      0,      0,       0,       0,       0,       0
total,       3257529,     451,     451,     451,   554.6,   547.0,   933.4,  1091.8,  1226.1,  1370.0, 7624.3,  0.00728,      0,      0,       0,       0,       0,       0
insert,       820481,     109,     109,     109,   270.4,   246.8,   452.2,   560.0,   747.5,   880.1, 7676.5,  0.00721,      0,      0,       0,       0,       0,       0
likelyquery0,   2460468,     340,     340,     340,   648.6,   596.6,  1024.6,  1257.7,  1429.9,  1565.9, 7676.5,  0.00721,      0,      0,       0,       0,       0,       0
total,       3280949,     449,     449,     449,   557.0,   538.2,   984.0,  1223.7,  1421.7,  1565.9, 7676.5,  0.00721,      0,      0,       0,       0,       0,       0
insert,       830496,     114,     114,     114,   270.3,   254.0,   421.8,   520.9,   628.1,   761.9, 7764.7,  0.00716,      0,      0,       0,       0,       0,       0
likelyquery0,   2490208,     337,     337,     337,   650.6,   620.6,   958.8,  1113.1,  1254.5,  1461.7, 7764.7,  0.00716,      0,      0,       0,       0,       0,       0
total,       3320704,     451,     451,     451,   554.8,   555.3,   922.8,  1090.4,  1231.9,  1461.7, 7764.7,  0.00716,      0,      0,       0,       0,       0,       0
insert,       836705,     108,     108,     108,   270.0,   246.5,   448.6,   544.6,   713.2,   765.0, 7822.0,  0.00710,      0,      0,       0,       0,       0,       0
likelyquery0,   2509849,     343,     343,     343,   643.1,   589.0,  1007.6,  1228.3,  1449.2,  1682.2, 7822.0,  0.00710,      0,      0,       0,       0,       0,       0
total,       3346554,     451,     451,     451,   553.4,   532.1,   968.5,  1197.5,  1422.1,  1682.2, 7822.0,  0.00710,      0,      0,       0,       0,       0,       0
insert,       846455,     119,     119,     119,   263.4,   252.3,   395.5,   470.6,   546.4,   624.2, 7904.3,  0.00706,      0,      0,       0,       0,       0,       0
likelyquery0,   2538362,     347,     347,     347,   631.4,   609.3,   887.8,  1025.0,  1169.9,  1276.8, 7904.3,  0.00706,      0,      0,       0,       0,       0,       0
total,       3384817,     465,     465,     465,   537.6,   553.8,   858.7,  1000.7,  1159.2,  1276.8, 7904.3,  0.00706,      0,      0,       0,       0,       0,       0
insert,       854286,     113,     113,     113,   270.9,   252.9,   434.2,   535.2,   623.8,   791.5, 7973.4,  0.00701,      0,      0,       0,       0,       0,       0
likelyquery0,   2561822,     339,     339,     339,   646.4,   606.4,   997.6,  1146.8,  1315.3,  1428.5, 7973.4,  0.00701,      0,      0,       0,       0,       0,       0
total,       3416108,     452,     452,     452,   552.4,   549.9,   954.9,  1128.2,  1274.3,  1428.5, 7973.4,  0.00701,      0,      0,       0,       0,       0,       0
insert,       860923,     119,     119,     119,   266.7,   256.2,   400.3,   477.7,   548.1,   597.7, 8029.0,  0.00696,      0,      0,       0,       0,       0,       0
likelyquery0,   2580529,     337,     337,     337,   648.0,   631.9,   902.2,  1020.7,  1110.2,  1207.1, 8029.0,  0.00696,      0,      0,       0,       0,       0,       0
total,       3441452,     456,     456,     456,   548.1,   562.6,   875.9,  1005.1,  1098.4,  1207.1, 8029.0,  0.00696,      0,      0,       0,       0,       0,       0
insert,       869704,     113,     113,     113,   270.8,   254.5,   434.5,   533.9,   667.1,   777.5, 8106.4,  0.00691,      0,      0,       0,       0,       0,       0
likelyquery0,   2606673,     338,     338,     338,   648.1,   606.4,   972.1,  1177.7,  1400.5,  1552.0, 8106.4,  0.00691,      0,      0,       0,       0,       0,       0
total,       3476377,     451,     451,     451,   553.2,   550.2,   935.4,  1136.6,  1391.1,  1552.0, 8106.4,  0.00691,      0,      0,       0,       0,       0,       0
insert,       879363,     121,     121,     121,   267.3,   258.2,   398.4,   464.5,   541.3,   596.0, 8186.0,  0.00686,      0,      0,       0,       0,       0,       0
likelyquery0,   2633537,     338,     338,     338,   646.3,   630.4,   909.1,  1029.0,  1144.8,  1304.1, 8186.0,  0.00686,      0,      0,       0,       0,       0,       0
total,       3512900,     459,     459,     459,   546.0,   559.4,   880.6,  1010.0,  1132.7,  1304.1, 8186.0,  0.00686,      0,      0,       0,       0,       0,       0
insert,       888650,     115,     115,     115,   269.3,   250.2,   442.1,   558.4,   667.1,   722.3, 8266.7,  0.00681,      0,      0,       0,       0,       0,       0
likelyquery0,   2660637,     335,     335,     335,   651.2,   610.7,  1003.3,  1187.6,  1328.7,  1478.5, 8266.7,  0.00681,      0,      0,       0,       0,       0,       0
total,       3549287,     450,     450,     450,   553.7,   542.5,   962.6,  1154.3,  1318.0,  1478.5, 8266.7,  0.00681,      0,      0,       0,       0,       0,       0
insert,       894548,     110,     110,     110,   271.3,   261.7,   407.1,   474.4,   557.3,   595.6, 8320.3,  0.00675,      0,      0,       0,       0,       0,       0
likelyquery0,   2678789,     339,     339,     339,   652.1,   636.4,   911.9,  1064.4,  1184.9,  1272.8, 8320.3,  0.00675,      0,      0,       0,       0,       0,       0
total,       3573337,     449,     449,     449,   558.7,   578.2,   882.8,  1035.9,  1176.1,  1272.8, 8320.3,  0.00675,      0,      0,       0,       0,       0,       0
insert,       902749,     110,     110,     110,   275.8,   258.1,   442.7,   572.1,   667.8,   773.0, 8395.1,  0.00670,      0,      0,       0,       0,       0,       0
likelyquery0,   2703735,     334,     334,     334,   658.8,   621.3,   996.1,  1220.9,  1435.5,  1744.8, 8395.1,  0.00670,      0,      0,       0,       0,       0,       0
total,       3606484,     443,     443,     443,   564.0,   553.1,   958.0,  1179.0,  1399.8,  1744.8, 8395.1,  0.00670,      0,      0,       0,       0,       0,       0
insert,       913897,     114,     114,     114,   267.8,   252.2,   416.6,   513.1,   629.6,   706.2, 8492.5,  0.00665,      0,      0,       0,       0,       0,       0
likelyquery0,   2736913,     340,     340,     340,   643.8,   607.6,   963.6,  1142.0,  1337.4,  1530.4, 8492.6,  0.00665,      0,      0,       0,       0,       0,       0
total,       3650810,     455,     455,     455,   549.3,   545.5,   928.2,  1114.6,  1321.5,  1530.4, 8492.6,  0.00665,      0,      0,       0,       0,       0,       0
insert,       924654,     107,     107,     107,   274.6,   264.6,   414.8,   499.0,   634.4,   726.5, 8592.8,  0.00659,      0,      0,       0,       0,       0,       0
likelyquery0,   2770656,     337,     337,     337,   655.1,   635.4,   935.1,  1086.9,  1247.4,  1416.1, 8592.8,  0.00659,      0,      0,       0,       0,       0,       0
total,       3695310,     444,     444,     444,   563.1,   572.0,   904.1,  1061.5,  1237.8,  1416.1, 8592.8,  0.00659,      0,      0,       0,       0,       0,       0
insert,       930387,     116,     116,     116,   271.6,   247.6,   468.2,   591.6,   710.0,   822.4, 8642.3,  0.00655,      0,      0,       0,       0,       0,       0
likelyquery0,   2787353,     337,     337,     337,   648.1,   580.7,  1057.1,  1249.5,  1432.3,  1562.9, 8642.3,  0.00655,      0,      0,       0,       0,       0,       0
total,       3717740,     453,     453,     453,   551.9,   527.1,  1010.5,  1223.0,  1406.8,  1562.9, 8642.3,  0.00655,      0,      0,       0,       0,       0,       0
insert,       939706,     104,     104,     104,   278.5,   266.9,   425.8,   504.8,   617.8,   676.4, 8731.6,  0.00649,      0,      0,       0,       0,       0,       0
likelyquery0,   2816946,     331,     331,     331,   666.3,   643.1,   959.0,  1101.0,  1271.8,  1371.1, 8731.6,  0.00649,      0,      0,       0,       0,       0,       0
total,       3756652,     436,     436,     436,   573.4,   580.2,   928.0,  1076.0,  1251.5,  1371.1, 8731.6,  0.00649,      0,      0,       0,       0,       0,       0
insert,       946857,     114,     114,     114,   266.8,   243.7,   443.3,   564.4,   742.2,   843.6, 8794.6,  0.00645,      0,      0,       0,       0,       0,       0
likelyquery0,   2838594,     344,     344,     344,   638.1,   582.4,  1007.3,  1224.4,  1453.9,  1563.9, 8794.6,  0.00645,      0,      0,       0,       0,       0,       0
total,       3785451,     458,     458,     458,   545.9,   526.1,   955.1,  1192.4,  1428.7,  1563.9, 8794.6,  0.00645,      0,      0,       0,       0,       0,       0
insert,       953820,     121,     121,     121,   267.4,   256.2,   407.8,   511.7,   600.0,   648.9, 8852.3,  0.00641,      0,      0,       0,       0,       0,       0
likelyquery0,   2857938,     335,     335,     335,   652.0,   633.2,   931.5,  1075.1,  1200.1,  1338.7, 8852.3,  0.00641,      0,      0,       0,       0,       0,       0
total,       3811758,     456,     456,     456,   550.2,   568.7,   894.8,  1050.5,  1194.6,  1338.7, 8852.3,  0.00641,      0,      0,       0,       0,       0,       0
insert,       959925,     110,     110,     110,   269.7,   246.2,   458.7,   589.1,   718.7,   816.1, 8907.9,  0.00637,      0,      0,       0,       0,       0,       0
likelyquery0,   2877229,     347,     347,     347,   635.7,   581.7,  1038.5,  1238.4,  1391.4,  1607.1, 8907.9,  0.00637,      0,      0,       0,       0,       0,       0
total,       3837154,     457,     457,     457,   547.7,   530.3,   988.7,  1212.2,  1382.6,  1607.1, 8907.9,  0.00637,      0,      0,       0,       0,       0,       0
insert,       966420,     113,     113,     113,   271.4,   259.9,   407.3,   536.9,   695.5,   761.1, 8965.3,  0.00632,      0,      0,       0,       0,       0,       0
likelyquery0,   2896804,     341,     341,     341,   641.8,   619.2,   926.8,  1139.6,  1312.3,  1407.4, 8965.3,  0.00632,      0,      0,       0,       0,       0,       0
total,       3863224,     454,     454,     454,   549.5,   558.4,   887.5,  1113.1,  1290.8,  1407.4, 8965.3,  0.00632,      0,      0,       0,       0,       0,       0
insert,       977263,     114,     114,     114,   272.2,   251.2,   458.2,   572.1,   716.6,   815.2, 9060.2,  0.00628,      0,      0,       0,       0,       0,       0
likelyquery0,   2928471,     334,     334,     334,   656.4,   604.8,  1048.4,  1239.0,  1405.3,  1553.5, 9060.2,  0.00628,      0,      0,       0,       0,       0,       0
total,       3905734,     448,     448,     448,   558.4,   542.0,  1000.5,  1213.7,  1389.3,  1553.5, 9060.2,  0.00628,      0,      0,       0,       0,       0,       0
insert,       984729,     112,     112,     112,   266.9,   255.0,   408.7,   489.5,   626.3,   700.8, 9126.6,  0.00624,      0,      0,       0,       0,       0,       0
likelyquery0,   2951318,     344,     344,     344,   639.1,   614.7,   914.2,  1083.7,  1250.9,  1366.0, 9126.6,  0.00624,      0,      0,       0,       0,       0,       0
total,       3936047,     457,     457,     457,   547.4,   551.5,   886.3,  1060.5,  1242.8,  1366.0, 9126.6,  0.00624,      0,      0,       0,       0,       0,       0
insert,       991271,     117,     117,     117,   265.3,   241.6,   444.5,   543.5,   678.9,   754.4, 9182.4,  0.00620,      0,      0,       0,       0,       0,       0
likelyquery0,   2970499,     343,     343,     343,   636.6,   572.9,  1016.6,  1209.4,  1375.2,  1445.0, 9182.4,  0.00620,      0,      0,       0,       0,       0,       0
total,       3961770,     460,     460,     460,   542.2,   520.5,   973.0,  1177.0,  1359.3,  1445.0, 9182.4,  0.00620,      0,      0,       0,       0,       0,       0
insert,       999169,     119,     119,     119,   264.4,   253.3,   397.3,   468.2,   541.6,   583.3, 9249.1,  0.00617,      0,      0,       0,       0,       0,       0
likelyquery0,   2993450,     344,     344,     344,   635.9,   619.8,   884.4,  1007.8,  1164.2,  1302.4, 9249.1,  0.00617,      0,      0,       0,       0,       0,       0
total,       3992619,     463,     463,     463,   540.8,   557.5,   856.7,   991.2,  1146.0,  1302.4, 9249.1,  0.00617,      0,      0,       0,       0,       0,       0
insert,      1006364,     114,     114,     114,   264.7,   243.7,   442.8,   553.6,   634.0,   660.1, 9312.4,  0.00614,      0,      0,       0,       0,       0,       0
likelyquery0,   3015493,     348,     348,     348,   630.4,   577.0,   997.6,  1137.4,  1259.4,  1374.3, 9312.4,  0.00614,      0,      0,       0,       0,       0,       0
total,       4021857,     462,     462,     462,   540.4,   527.3,   960.4,  1117.2,  1248.6,  1374.3, 9312.4,  0.00614,      0,      0,       0,       0,       0,       0
insert,      1013292,     114,     114,     114,   267.2,   252.1,   416.3,   518.1,   645.4,   725.3, 9373.0,  0.00610,      0,      0,       0,       0,       0,       0
likelyquery0,   3036092,     340,     340,     340,   646.8,   615.6,   953.5,  1130.7,  1273.6,  1464.3, 9373.0,  0.00610,      0,      0,       0,       0,       0,       0
total,       4049384,     454,     454,     454,   551.3,   552.0,   915.8,  1098.3,  1263.5,  1464.3, 9373.0,  0.00610,      0,      0,       0,       0,       0,       0
insert,      1019104,     114,     114,     114,   267.5,   259.8,   397.3,   475.1,   569.1,   648.1, 9423.9,  0.00606,      0,      0,       0,       0,       0,       0
likelyquery0,   3053291,     338,     338,     338,   646.9,   635.8,   893.4,  1031.1,  1183.0,  1292.7, 9423.9,  0.00606,      0,      0,       0,       0,       0,       0
total,       4072395,     452,     452,     452,   551.1,   569.6,   868.5,  1008.5,  1154.2,  1292.7, 9423.9,  0.00606,      0,      0,       0,       0,       0,       0
insert,      1027787,     118,     118,     118,   258.0,   232.9,   442.1,   564.0,   683.3,   798.4, 9497.5,  0.00604,      0,      0,       0,       0,       0,       0
likelyquery0,   3079167,     352,     352,     352,   625.0,   560.5,  1003.6,  1241.4,  1468.3,  1583.6, 9497.5,  0.00604,      0,      0,       0,       0,       0,       0
total,       4106954,     470,     470,     470,   532.8,   512.5,   963.6,  1186.3,  1437.4,  1583.6, 9497.5,  0.00604,      0,      0,       0,       0,       0,       0
insert,      1035744,     115,     115,     115,   268.6,   255.6,   412.4,   503.9,   657.9,   687.3, 9566.9,  0.00600,      0,      0,       0,       0,       0,       0
likelyquery0,   3102637,     338,     338,     338,   647.8,   630.4,   921.7,  1072.6,  1192.3,  1278.0, 9566.9,  0.00600,      0,      0,       0,       0,       0,       0
total,       4138381,     453,     453,     453,   551.8,   558.2,   891.4,  1046.8,  1180.2,  1278.0, 9566.9,  0.00600,      0,      0,       0,       0,       0,       0
insert,      1043119,     117,     117,     117,   262.2,   242.5,   431.6,   522.2,   633.6,   713.0, 9629.9,  0.00597,      0,      0,       0,       0,       0,       0
likelyquery0,   3124531,     347,     347,     347,   631.4,   576.6,   988.2,  1167.5,  1298.7,  1404.1, 9629.9,  0.00597,      0,      0,       0,       0,       0,       0
total,       4167650,     464,     464,     464,   538.4,   522.3,   945.1,  1145.4,  1289.6,  1404.1, 9629.9,  0.00597,      0,      0,       0,       0,       0,       0
insert,      1051345,     124,     124,     124,   257.7,   238.9,   410.2,   527.8,   607.0,   715.4, 9696.4,  0.00594,      0,      0,       0,       0,       0,       0
likelyquery0,   3147435,     345,     345,     345,   632.8,   592.5,   967.1,  1121.7,  1290.3,  1439.7, 9696.4,  0.00594,      0,      0,       0,       0,       0,       0
total,       4198780,     468,     468,     468,   533.7,   524.8,   929.5,  1098.1,  1283.0,  1439.7, 9696.4,  0.00594,      0,      0,       0,       0,       0,       0
insert,      1059824,     115,     115,     115,   267.6,   251.4,   427.6,   512.8,   593.0,   702.6, 9770.1,  0.00591,      0,      0,       0,       0,       0,       0
likelyquery0,   3172650,     342,     342,     342,   641.6,   603.9,   960.7,  1104.9,  1217.3,  1353.5, 9770.1,  0.00591,      0,      0,       0,       0,       0,       0
total,       4232474,     457,     457,     457,   547.5,   537.6,   932.6,  1087.1,  1209.0,  1353.5, 9770.1,  0.00591,      0,      0,       0,       0,       0,       0
insert,      1065300,     117,     117,     117,   264.8,   248.3,   417.3,   530.1,   691.7,   832.0, 9817.1,  0.00588,      0,      0,       0,       0,       0,       0
likelyquery0,   3188881,     345,     345,     345,   636.1,   597.3,   967.6,  1226.6,  1433.3,  1564.5, 9817.1,  0.00588,      0,      0,       0,       0,       0,       0
total,       4254181,     462,     462,     462,   542.4,   534.6,   924.9,  1184.0,  1432.0,  1564.5, 9817.1,  0.00588,      0,      0,       0,       0,       0,       0
insert,      1071042,     107,     107,     107,   272.0,   260.6,   412.3,   502.1,   620.7,   716.7, 9870.7,  0.00584,      0,      0,       0,       0,       0,       0
likelyquery0,   3207089,     340,     340,     340,   645.9,   623.3,   931.8,  1087.3,  1263.1,  1435.9, 9870.7,  0.00584,      0,      0,       0,       0,       0,       0
total,       4278131,     447,     447,     447,   556.2,   562.5,   903.3,  1067.4,  1244.6,  1435.9, 9870.7,  0.00584,      0,      0,       0,       0,       0,       0
insert,      1083554,     116,     116,     116,   263.8,   244.1,   422.6,   535.5,   809.9,   869.9, 9978.8,  0.00581,      0,      0,       0,       0,       0,       0
likelyquery0,   3244448,     345,     345,     345,   636.4,   595.9,   985.6,  1178.0,  1494.5,  1674.4, 9978.8,  0.00581,      0,      0,       0,       0,       0,       0
total,       4328002,     461,     461,     461,   542.9,   532.4,   942.4,  1140.9,  1472.8,  1674.4, 9978.8,  0.00581,      0,      0,       0,       0,       0,       0
insert,      1091997,     117,     117,     117,   266.6,   244.0,   436.3,   564.2,   718.9,   764.0,10050.8,  0.00577,      0,      0,       0,       0,       0,       0
likelyquery0,   3269059,     342,     342,     342,   641.7,   593.0,  1000.7,  1226.0,  1466.7,  1619.8,10050.8,  0.00577,      0,      0,       0,       0,       0,       0
total,       4361056,     459,     459,     459,   545.9,   532.0,   954.6,  1182.7,  1450.3,  1619.8,10050.8,  0.00577,      0,      0,       0,       0,       0,       0
insert,      1102724,     113,     113,     113,   264.5,   249.9,   410.6,   506.5,   604.5,   708.7,10145.6,  0.00574,      0,      0,       0,       0,       0,       0
likelyquery0,   3301921,     347,     347,     347,   634.6,   604.5,   940.7,  1101.4,  1259.4,  1414.4,10145.6,  0.00574,      0,      0,       0,       0,       0,       0
total,       4404645,     460,     460,     460,   543.5,   545.5,   902.9,  1073.1,  1236.5,  1414.4,10145.6,  0.00574,      0,      0,       0,       0,       0,       0
insert,      1109878,     113,     113,     113,   263.8,   247.3,   413.4,   493.7,   615.4,   686.4,10208.8,  0.00571,      0,      0,       0,       0,       0,       0
likelyquery0,   3323770,     346,     346,     346,   635.6,   606.0,   937.8,  1099.9,  1241.3,  1330.8,10208.8,  0.00571,      0,      0,       0,       0,       0,       0
total,       4433648,     459,     459,     459,   543.9,   535.4,   906.8,  1079.9,  1224.7,  1330.8,10208.8,  0.00571,      0,      0,       0,       0,       0,       0
insert,      1118453,     118,     118,     118,   264.9,   247.1,   425.4,   531.9,   618.9,   695.7,10281.6,  0.00568,      0,      0,       0,       0,       0,       0
likelyquery0,   3348640,     341,     341,     341,   642.0,   605.8,   972.5,  1145.0,  1310.1,  1438.5,10281.6,  0.00568,      0,      0,       0,       0,       0,       0
total,       4467093,     459,     459,     459,   545.3,   536.9,   935.9,  1111.3,  1295.3,  1438.5,10281.6,  0.00568,      0,      0,       0,       0,       0,       0
insert,      1125622,     120,     120,     120,   256.1,   233.8,   429.8,   539.7,   642.9,   717.9,10341.2,  0.00567,      0,      0,       0,       0,       0,       0
likelyquery0,   3369774,     355,     355,     355,   616.3,   558.0,   989.1,  1192.9,  1352.9,  1456.5,10341.2,  0.00567,      0,      0,       0,       0,       0,       0
total,       4495396,     475,     475,     475,   525.1,   510.2,   943.7,  1158.6,  1350.5,  1456.5,10341.2,  0.00567,      0,      0,       0,       0,       0,       0
insert,      1132593,     116,     116,     116,   264.5,   248.6,   425.3,   527.6,   603.3,   718.8,10401.2,  0.00563,      0,      0,       0,       0,       0,       0
likelyquery0,   3390319,     342,     342,     342,   641.8,   602.0,   982.6,  1126.6,  1276.5,  1430.3,10401.2,  0.00563,      0,      0,       0,       0,       0,       0
total,       4522912,     458,     458,     458,   546.2,   545.1,   945.8,  1108.3,  1244.0,  1430.3,10401.2,  0.00563,      0,      0,       0,       0,       0,       0
insert,      1140192,     124,     124,     124,   258.7,   247.4,   398.6,   464.8,   551.0,   627.0,10462.6,  0.00562,      0,      0,       0,       0,       0,       0
likelyquery0,   3411743,     349,     349,     349,   623.3,   595.1,   906.4,  1043.0,  1175.6,  1376.3,10462.6,  0.00562,      0,      0,       0,       0,       0,       0
total,       4551935,     473,     473,     473,   527.9,   532.8,   875.4,  1016.6,  1157.3,  1376.3,10462.6,  0.00562,      0,      0,       0,       0,       0,       0
insert,      1147398,     124,     124,     124,   257.9,   248.0,   392.6,   480.8,   550.7,   611.3,10521.0,  0.00560,      0,      0,       0,       0,       0,       0
likelyquery0,   3432066,     348,     348,     348,   625.5,   602.6,   902.4,  1062.5,  1180.3,  1293.3,10521.0,  0.00560,      0,      0,       0,       0,       0,       0
total,       4579464,     472,     472,     472,   529.3,   538.9,   866.0,  1035.7,  1167.5,  1293.3,10521.0,  0.00560,      0,      0,       0,       0,       0,       0
insert,      1154566,     118,     118,     118,   263.9,   244.6,   425.7,   510.8,   597.5,   707.0,10581.8,  0.00558,      0,      0,       0,       0,       0,       0
likelyquery0,   3453218,     348,     348,     348,   630.6,   581.0,   965.9,  1109.2,  1257.7,  1422.2,10581.8,  0.00558,      0,      0,       0,       0,       0,       0
total,       4607784,     465,     465,     465,   537.8,   520.9,   934.8,  1088.7,  1240.1,  1422.2,10581.8,  0.00558,      0,      0,       0,       0,       0,       0
insert,      1164196,     114,     114,     114,   263.7,   249.6,   410.1,   516.9,   624.5,   705.0,10666.1,  0.00555,      0,      0,       0,       0,       0,       0
likelyquery0,   3482618,     349,     349,     349,   630.9,   602.2,   930.9,  1085.5,  1288.6,  1469.2,10666.1,  0.00555,      0,      0,       0,       0,       0,       0
total,       4646814,     463,     463,     463,   540.3,   538.5,   895.7,  1059.3,  1258.4,  1469.2,10666.1,  0.00555,      0,      0,       0,       0,       0,       0
insert,      1171713,     116,     116,     116,   269.3,   251.3,   441.9,   562.2,   655.6,   710.6,10730.6,  0.00552,      0,      0,       0,       0,       0,       0
likelyquery0,   3504360,     337,     337,     337,   648.6,   599.6,  1008.4,  1225.7,  1390.4,  1531.0,10730.6,  0.00552,      0,      0,       0,       0,       0,       0
total,       4676073,     453,     453,     453,   551.2,   545.0,   957.6,  1193.9,  1373.4,  1531.0,10730.6,  0.00552,      0,      0,       0,       0,       0,       0
insert,      1178649,     118,     118,     118,   265.2,   250.7,   408.1,   503.5,   574.3,   626.1,10789.4,  0.00549,      0,      0,       0,       0,       0,       0
likelyquery0,   3524699,     346,     346,     346,   631.9,   602.2,   936.4,  1071.2,  1199.9,  1303.8,10789.4,  0.00549,      0,      0,       0,       0,       0,       0
total,       4703348,     464,     464,     464,   538.6,   538.6,   907.0,  1051.7,  1171.6,  1303.8,10789.4,  0.00549,      0,      0,       0,       0,       0,       0
insert,      1186128,     113,     113,     113,   262.3,   246.4,   413.6,   506.3,   588.6,   780.3,10855.3,  0.00547,      0,      0,       0,       0,       0,       0
likelyquery0,   3548079,     355,     355,     355,   619.9,   582.6,   925.3,  1092.1,  1295.8,  1474.4,10855.3,  0.00547,      0,      0,       0,       0,       0,       0
total,       4734207,     468,     468,     468,   533.2,   522.0,   897.6,  1053.8,  1280.6,  1474.4,10855.3,  0.00547,      0,      0,       0,       0,       0,       0
insert,      1195509,     113,     113,     113,   263.0,   247.3,   422.1,   522.2,   751.6,   862.5,10938.6,  0.00545,      0,      0,       0,       0,       0,       0
likelyquery0,   3577555,     354,     354,     354,   622.7,   583.3,   927.0,  1134.9,  1476.4,  1724.2,10938.6,  0.00545,      0,      0,       0,       0,       0,       0
total,       4773064,     466,     466,     466,   535.9,   526.3,   894.9,  1089.3,  1461.7,  1724.2,10938.6,  0.00545,      0,      0,       0,       0,       0,       0
insert,      1202789,     116,     116,     116,   266.9,   252.0,   416.9,   512.7,   641.7,   745.8,11001.6,  0.00542,      0,      0,       0,       0,       0,       0
likelyquery0,   3599494,     348,     348,     348,   630.5,   600.5,   925.3,  1088.4,  1261.6,  1336.4,11001.6,  0.00542,      0,      0,       0,       0,       0,       0
total,       4802283,     464,     464,     464,   539.9,   540.6,   893.0,  1056.0,  1244.6,  1336.4,11001.6,  0.00542,      0,      0,       0,       0,       0,       0
insert,      1209931,     110,     110,     110,   271.1,   253.2,   449.0,   560.0,   651.6,   760.7,11066.3,  0.00539,      0,      0,       0,       0,       0,       0
likelyquery0,   3621695,     343,     343,     343,   640.5,   593.3,   998.3,  1181.4,  1324.6,  1439.1,11066.3,  0.00539,      0,      0,       0,       0,       0,       0
total,       4831626,     454,     454,     454,   550.6,   535.4,   961.5,  1154.1,  1314.0,  1439.1,11066.3,  0.00539,      0,      0,       0,       0,       0,       0
insert,      1218160,     116,     116,     116,   264.9,   255.9,   396.6,   469.7,   577.0,   652.5,11137.0,  0.00536,      0,      0,       0,       0,       0,       0
likelyquery0,   3646200,     346,     346,     346,   633.0,   620.9,   873.3,   993.4,  1107.9,  1252.2,11137.0,  0.00536,      0,      0,       0,       0,       0,       0
total,       4864360,     463,     463,     463,   540.4,   561.8,   847.8,   972.0,  1104.3,  1252.2,11137.0,  0.00536,      0,      0,       0,       0,       0,       0
insert,      1226108,     119,     119,     119,   260.7,   240.1,   438.1,   544.6,   609.9,   646.8,11204.0,  0.00534,      0,      0,       0,       0,       0,       0
likelyquery0,   3669766,     352,     352,     352,   622.7,   573.7,   997.4,  1145.3,  1262.8,  1428.1,11204.0,  0.00534,      0,      0,       0,       0,       0,       0
total,       4895874,     471,     471,     471,   531.4,   522.0,   958.2,  1119.2,  1250.0,  1428.1,11204.0,  0.00534,      0,      0,       0,       0,       0,       0
insert,      1234464,     118,     118,     118,   257.1,   242.9,   400.9,   519.9,   650.4,   675.7,11274.5,  0.00533,      0,      0,       0,       0,       0,       0
likelyquery0,   3694991,     358,     358,     358,   612.6,   581.4,   900.7,  1096.4,  1290.7,  1368.7,11274.5,  0.00533,      0,      0,       0,       0,       0,       0
total,       4929455,     476,     476,     476,   524.1,   531.3,   866.8,  1058.6,  1283.4,  1368.7,11274.5,  0.00533,      0,      0,       0,       0,       0,       0
insert,      1241482,     113,     113,     113,   266.7,   245.6,   438.7,   545.5,   697.0,   789.9,11336.4,  0.00531,      0,      0,       0,       0,       0,       0
likelyquery0,   3716633,     350,     350,     350,   629.1,   577.9,   995.2,  1182.5,  1362.6,  1453.1,11336.4,  0.00531,      0,      0,       0,       0,       0,       0
total,       4958115,     463,     463,     463,   540.3,   525.0,   951.8,  1151.7,  1344.9,  1453.1,11336.4,  0.00531,      0,      0,       0,       0,       0,       0
insert,      1250361,     121,     121,     121,   258.1,   247.9,   385.6,   458.8,   629.0,   714.3,11409.8,  0.00530,      0,      0,       0,       0,       0,       0
likelyquery0,   3742875,     357,     357,     357,   613.4,   595.8,   857.4,  1024.7,  1161.8,  1330.8,11409.8,  0.00530,      0,      0,       0,       0,       0,       0
total,       4993236,     478,     478,     478,   523.6,   541.3,   826.1,  1001.6,  1135.8,  1330.8,11409.8,  0.00530,      0,      0,       0,       0,       0,       0


Results:
op rate                   : 438 [insert:110, likelyquery0:328]
partition rate            : 438 [insert:110, likelyquery0:328]
row rate                  : 438 [insert:110, likelyquery0:328]
latency mean              : 571.2 [insert:278.8, likelyquery0:668.9]
latency median            : 566.8 [insert:260.8, likelyquery0:629.6]
latency 95th percentile   : 932.5 [insert:425.7, likelyquery0:966.6]
latency 99th percentile   : 1113.1 [insert:525.1, likelyquery0:1145.6]
latency 99.9th percentile : 1323.3 [insert:658.1, likelyquery0:1349.8]
latency max               : 1958.8 [insert:1121.2, likelyquery0:1958.8]
Total partitions          : 4993236 [insert:1250361, likelyquery0:3742875]
Total errors              : 0 [insert:0, likelyquery0:0]
total gc count            : 0
total gc mb               : 0
total gc time (s)         : 0
avg gc time(ms)           : NaN
stdev gc time(ms)         : 0
Total operation time      : 03:10:09
END
